      1000       3911     348696
      1500       4676     160594
      2250       8398     187058
      3375      11412     266726
      5062      17069     614470
      7593      28418     501372
     11389      36434     785595
     17083      65562     963126
     25624      82870    1670146
     38436     135361    1850817
     57654     207205    3115797
     86481     283640    3784174
    129721     509796    7023515
    194581     604258    8612762
    291871    1064513   14771397
    437806    1505356   26700502
    656709    2208084   51024600
    985063    3733611   94818892
   1477594    4696486  139069762
   2216391    8364550  237771500
   3324586    5891014  266996274
   4986879   59586700  370749639
